Category,Accuracy,Recall,Precision,F1
GoodsServices,0.8615604186489058,0.0,0.0,0.0
SearchAndRescue,0.8553758325404377,0.12903225806451613,0.014234875444839857,0.025641025641025637
InformationWanted,0.8591817316841104,0.0,0.0,0.0
Volunteer,0.8625118934348239,0.16666666666666666,0.0071174377224199285,0.0136518771331058
Donations,0.8344433872502379,0.05333333333333334,0.014234875444839857,0.022471910112359546
MovePeople,0.8644148430066603,0.0,0.0,0.0
FirstPartyObservation,0.7140818268315889,0.08549222797927461,0.11743772241992882,0.09895052473763119
ThirdPartyObservation,0.7288296860133207,0.15676959619952494,0.23487544483985764,0.18803418803418803
Weather,0.8068506184586108,0.07482993197278912,0.03914590747330961,0.0514018691588785
EmergingThreats,0.8377735490009515,0.18085106382978725,0.060498220640569395,0.09066666666666667
SignificantEventChange,0.851569933396765,0.1836734693877551,0.03202846975088968,0.05454545454545454
MultimediaShare,0.758325404376784,0.21119592875318066,0.29537366548042704,0.2462908011869436
ServiceAvailable,0.8149381541389153,0.0423728813559322,0.017793594306049824,0.025062656641604012
Factoid,0.7873453853472883,0.15416666666666667,0.13167259786476868,0.14203454894433779
Official,0.8468125594671742,0.09803921568627451,0.017793594306049824,0.030120481927710847
CleanUp,0.8629876308277831,0.0,0.0,0.0
Hashtags,0.7354900095147479,0.10826210826210826,0.13523131672597866,0.12025316455696204
PastNews,0.857278782112274,0.42857142857142855,0.20284697508896798,0.27536231884057977
ContinuingNews,0.6855375832540438,0.16312056737588654,0.3274021352313167,0.21775147928994085
Advice,0.8173168411037107,0.0743801652892562,0.03202846975088968,0.04477611940298507
Sentiment,0.5851569933396765,0.08203677510608204,0.20640569395017794,0.11740890688259109
Discussion,0.8106565176022835,0.2304147465437788,0.17793594306049823,0.20080321285140565
Irrelevant,0.7588011417697431,0.09352517985611511,0.09252669039145907,0.09302325581395347
Unknown,0.8644148430066603,0.25,0.0071174377224199285,0.01384083044982699
KnownAlready,0.8805899143672693,0.6293103448275862,0.2597864768683274,0.36775818639798485
