Category,Accuracy,Recall,Precision,F1
GoodsServices,0.7830637488106565,0.16666666666666666,0.006756756756756757,0.012987012987012986
SearchAndRescue,0.7764034253092293,0.09375,0.006756756756756757,0.012605042016806723
InformationWanted,0.7787821122740247,0.1111111111111111,0.006756756756756757,0.012738853503184714
Volunteer,0.7840152235965747,0.0,0.0,0.0
Donations,0.758325404376784,0.16666666666666666,0.036036036036036036,0.05925925925925926
MovePeople,0.7863939105613701,0.0,0.0,0.0
FirstPartyObservation,0.6627021883920076,0.12885154061624648,0.1036036036036036,0.11485642946317103
ThirdPartyObservation,0.6636536631779257,0.18159806295399517,0.16891891891891891,0.1750291715285881
Weather,0.7274024738344433,0.0,0.0,0.0
EmergingThreats,0.7764034253092293,0.30303030303030304,0.04504504504504504,0.0784313725490196
SignificantEventChange,0.7797335870599429,0.30612244897959184,0.033783783783783786,0.06085192697768764
MultimediaShare,0.719790675547098,0.32186732186732187,0.29504504504504503,0.3078730904817861
ServiceAvailable,0.7668886774500476,0.27884615384615385,0.06531531531531531,0.10583941605839417
Factoid,0.7378686964795433,0.27615062761506276,0.14864864864864866,0.19326500732064425
Official,0.774500475737393,0.17391304347826086,0.018018018018018018,0.03265306122448979
CleanUp,0.7868696479543292,0.0,0.0,0.0
Hashtags,0.665080875356803,0.10606060606060606,0.07882882882882883,0.09043927648578812
PastNews,0.8030447193149381,0.6153846153846154,0.18018018018018017,0.2787456445993031
ContinuingNews,0.6260704091341579,0.1724137931034483,0.20270270270270271,0.1863354037267081
Advice,0.7407231208372979,0.08264462809917356,0.02252252252252252,0.035398230088495575
Sentiment,0.5608943862987631,0.16028368794326242,0.2545045045045045,0.1966927763272411
Discussion,0.7607040913415795,0.37117903930131,0.19144144144144143,0.25260029717682014
Irrelevant,0.7055185537583254,0.18861209964412812,0.11936936936936937,0.14620689655172414
Unknown,0.7854424357754519,0.1111111111111111,0.0022522522522522522,0.004415011037527594
KnownAlready,0.813510941960038,0.7,0.20495495495495494,0.31707317073170727
